4294967294,0
4294967279,446
4294967279,445
4294967278,225
4294967279,142
4294967278,223
4294967279,274
4294967278,250
4294967278,221
4294967278,219
4294967278,289
4294967278,399
4294967279,443
4294967278,417
4294967278,217
4294967279,442
4294967279,439
4294967279,412
4294967279,182
4294967279,179
4294967278,406
4294967279,406
4294967278,424
4294967278,172
4294967279,411
4294967279,281
4294967278,215
4294967278,439
4294967279,409
4294967279,385
4294967278,322
4294967278,383
4294967278,321
4294967278,291
4294967278,256
4294967278,447
4294967278,302
4294967279,501
4294967278,381
4294967279,437
4294967279,301
4294967278,414
4294967279,509
4294967278,267
4294967279,436
4294967279,506
4294967279,434
4294967278,377
4294967278,356
4294967279,252
4294967279,433
4294967278,241
4294967279,490
4294967278,292
4294967279,215
4294967279,432
4294967278,355
4294967279,310
4294967278,376
4294967279,403
4294967278,352
4294967279,470
209,2
4294967279,431
4294967278,288
4294967279,208
209,5
209,4
4294967279,319
4294967278,351
4294967279,408
4294967278,427
4294967279,504
4294967278,328
4294967279,499
4294967279,430
4294967279,429
4294967278,411
4294967279,402
4294967278,395
4294967279,295
4294967278,410
4294967279,498
4294967279,435
4294967278,325
4294967279,294
4294967278,349
4294967279,407
4294967278,363
4294967279,235
208,6
4294967278,311
4294967279,293
4294967278,435
4294967279,503
4294967278,310
4294967279,305
4294967279,401
4294967278,309
208,5
4294967278,320
4294967279,428
208,2
208,4
4294967279,444
4294967278,396
4294967279,257
4294967278,425
4294967278,441
4294967279,496
4294967279,466
4294967278,434
4294967278,416
4294967279,388
4294967278,397
4294967279,291
4294967279,427
4294967279,2
4294967279,88
4294967278,340
4294967279,289
4294967278,433
4294967279,219
4294967278,323
4294967279,231
4294967278,348
4294967279,511
4294967278,375
4294967278,347
4294967279,508
4294967279,426
4294967279,275
4294967279,384
4294967278,13
4294967278,12
4294967278,11
4294967278,10
4294967278,9
4294967278,8
4294967278,7
4294967278,6
4294967278,5
4294967278,4
4294967279,132
4294967279,131
4294967279,130
4294967279,129
4294967279,128
4294967279,127
4294967279,126
4294967279,425
4294967279,286
4294967279,394
4294967279,283
4294967279,227
4294967279,424
4294967278,345
4294967279,318
4294967278,339
4294967279,217
4294967278,276
4294967279,277
4294967278,275
4294967279,302
4294967278,301
4294967279,423
4294967278,374
4294967279,247
4294967278,334
4294967278,268
4294967278,282
4294967279,270
4294967294,476
4294967278,446
4294967279,316
4294967278,437
4294967278,419
4294967279,500
4294967279,298
4294967279,261
4294967278,362
4294967279,256
4294967278,359
4294967278,360
4294967279,397
4294967279,241
4294967278,28
4294967278,27
4294967278,26
4294967278,25
4294967278,24
4294967278,23
4294967278,22
4294967278,21
4294967278,20
4294967278,19
4294967278,18
4294967278,17
4294967278,16
4294967278,15
4294967278,14
4294967278,429
4294967279,300
4294967278,373
4294967279,461
4294967278,326
4294967278,304
4294967279,422
4294967278,296
4294967279,297
4294967278,444
4294967279,314
4294967278,371
4294967279,311
4294967278,315
4294967278,358
4294967278,357
4294967279,421
4294967278,333
4294967278,294
4294967278,332
4294967279,405
4294967278,313
4294967279,420
4294967279,174
4294967278,240
4294967279,296
4294967278,344
4294967279,239
4294967278,402
4294967278,335
4294967279,386
4294967278,361
4294967278,174
4294967279,459
4294967278,290
4294967278,346
4294967278,39
4294967278,38
4294967278,37
4294967278,36
4294967278,35
4294967278,34
4294967278,33
4294967278,32
4294967278,31
4294967278,30
4294967278,29
4294967279,260
4294967278,297
4294967278,430
4294967278,354
4294967278,353
4294967278,330
4294967279,476
4294967278,329
4294967278,210
4294967278,208
4294967279,209
4294967278,413
4294967279,207
4294967278,205
4294967278,204
4294967278,350
4294967278,197
4294967279,198
4294967278,59
4294967278,58
4294967278,57
4294967278,56
4294967278,55
4294967278,54
4294967278,53
4294967278,52
4294967278,51
4294967278,50
4294967278,49
4294967278,48
4294967278,47
4294967278,46
4294967278,45
4294967278,44
4294967278,43
4294967278,42
4294967278,41
4294967278,40
4294967279,84
4294967279,82
4294967279,81
4294967279,79
4294967279,78
4294967279,497
4294967279,486
4294967294,1156
4294967294,1082
4294967294,1078
4294967294,1071
4294967294,1069
4294967294,1066
4294967294,93
4294967294,95
4294967294,50
4294967294,30
4294967294,148
4294967294,147
4294967294,145
4294967294,144
4294967294,139
4294967294,1085
4294967294,1062
4294967294,1060
4294967294,1059
4294967294,1058
4294967294,1057
4294967294,60
4294967294,12
4294967294,17
4294967294,42
4294967294,67
4294967294,99
4294967294,76
4294967294,41
4294967294,1422
4294967294,51
4294967294,52
4294967294,156
4294967294,18
4294967294,127
4294967294,14
4294967294,126
4294967294,20
4294967294,13
4294967279,193
4294967294,46
4294967279,192
4294967294,1158
4294967294,1081
4294967294,1079
4294967294,1077
4294967294,1075
4294967294,1073
4294967294,1068
4294967294,1
4294967294,1065
4294967294,422
4294967294,190
4294967294,185
4294967294,176
4294967294,170
4294967294,163
4294967294,162
4294967294,161
4294967294,83
4294967294,11
4294967294,68
4294967278,364
4294967278,180
4294967278,307
4294967279,175
4294967279,75
4294967279,73
4294967279,72
4294967279,71
4294967279,70
4294967279,69
4294967279,67
4294967279,66
4294967279,65
4294967279,64
4294967279,61
4294967279,60
4294967279,59
4294967279,58
4294967279,57
4294967279,56
4294967279,55
4294967279,54
4294967279,53
4294967279,51
4294967279,49
4294967279,48
4294967279,46
4294967279,45
